-0.607	-0.290	0.136	1.497	0.777	0.036	-1.523	-0.631	-0.453	-0.443	3.647	-0.389	2.236	0.612	-0.444	0.288	-0.910	2.038	1.110	0.905	-0.491	1.347	-1.493	-1.198	-1.595	0.891	1.196	0.310	-1.915	-0.342	0.026	0.584	
1.150	0.764	1.760	1.621	-0.178	-0.125	-2.031	1.603	-0.984	0.605	1.144	0.004	2.791	1.485	0.826	0.238	-2.047	-1.188	-0.637	-0.306	1.328	-0.600	-2.109	-0.705	-1.003	1.215	3.361	-1.166	4.003	-1.156	-0.376	-0.097	
1.113	-0.334	-0.128	-0.256	0.187	-2.026	0.928	1.448	-1.784	0.971	-2.118	1.740	1.242	0.440	3.856	-0.231	-1.102	-0.694	0.088	0.441	0.234	1.138	1.162	0.498	1.111	-0.046	2.343	0.513	0.189	-1.530	2.539	1.616	
0.208	-0.095	1.034	-1.255	-0.070	-0.896	-0.294	-1.154	-0.683	-0.196	-0.203	0.209	0.404	1.198	-2.089	-1.402	-0.768	-0.579	-1.419	-2.018	2.156	1.000	-0.738	1.248	1.687	1.084	2.594	-0.617	-1.164	0.929	1.954	-0.479	
-1.724	-0.016	-1.478	-1.339	-3.973	0.826	1.187	-0.164	-0.025	-0.711	-4.090	1.164	-0.535	1.226	-0.721	-0.793	5.535	0.322	0.965	0.326	0.764	0.063	-0.512	-0.498	-1.935	-0.320	2.176	-2.143	-0.562	-0.781	1.148	-0.869	
-3.436	-0.624	-2.102	0.586	-1.671	0.023	-1.679	-1.093	-1.286	-0.039	4.165	0.272	-0.421	-0.536	-3.441	-0.619	-2.098	0.307	-0.426	-1.001	-2.196	-1.676	-1.764	0.381	-1.449	0.166	-3.840	0.343	3.530	0.523	2.916	1.309	
0.502	0.347	-0.945	-0.845	-0.727	1.707	0.423	-0.384	-0.324	-0.356	-0.120	-1.318	0.406	-2.443	-2.600	0.792	2.479	-0.050	2.212	-0.641	-1.243	-0.899	-2.316	0.202	1.337	0.020	-0.481	1.059	-0.426	-0.227	2.768	0.764	
0.592	1.090	-3.001	0.587	0.089	-0.745	-1.920	-0.194	0.936	-0.047	-1.588	-0.303	-0.490	0.414	3.011	-0.156	-1.150	-0.884	-0.048	0.694	-0.915	1.002	0.892	-1.101	-0.661	0.878	1.165	-0.756	-1.812	1.216	-1.393	0.577	
-0.553	1.982	-0.784	-1.074	-0.072	0.212	-3.596	-1.051	-0.344	0.502	-1.955	0.173	-1.062	1.892	1.444	1.023	-0.885	0.155	0.079	0.541	0.230	-0.327	2.143	-0.644	-1.367	1.737	-2.323	-0.636	-1.279	0.388	0.139	-1.063	
0.353	-0.517	3.481	-0.363	-1.944	0.401	-0.637	-0.448	-0.282	-1.378	-0.058	1.558	1.307	-0.539	0.834	-1.765	-0.953	-0.623	1.464	-0.549	-0.111	-2.023	-0.675	0.111	2.356	0.753	3.019	-1.932	-2.124	0.288	-1.615	0.624	
0.972	2.180	0.952	-0.104	0.129	0.559	1.327	-0.232	-1.374	-1.665	4.241	-0.002	0.844	0.470	0.986	-1.171	2.693	0.374	0.443	1.425	-1.705	-0.571	0.387	-0.879	0.282	-1.378	2.565	1.013	-2.927	0.396	0.488	-0.349	
0.109	1.268	1.803	-0.346	-0.523	-2.803	-0.208	0.744	-2.182	0.664	-1.274	2.351	-0.248	-0.540	-0.081	-0.269	-0.545	-0.573	-0.586	1.536	1.556	-1.404	0.229	-1.081	0.679	0.278	-1.935	0.541	-0.861	0.533	0.715	-0.299	
2.646	0.216	-0.595	-2.187	-0.177	1.876	-1.131	0.685	-0.134	0.299	-2.034	-1.348	0.053	0.839	-4.108	1.069	0.952	1.510	2.449	-0.254	0.767	0.024	0.078	0.027	-2.409	-0.918	-0.130	0.274	0.204	0.772	-1.784	1.668	
-1.171	-0.095	-0.362	-1.255	0.508	-0.896	0.002	-1.154	1.131	-0.196	-1.472	0.209	-1.607	1.198	1.642	-1.402	-0.756	-0.579	2.762	-2.018	3.525	1.000	-0.478	1.248	1.300	1.084	-0.072	-0.617	1.150	0.929	2.597	-0.479	
0.324	-1.268	-1.050	-0.233	-0.734	-0.744	0.011	-0.047	2.807	0.703	1.668	-1.098	0.825	2.383	2.093	-0.883	0.128	-0.178	-0.307	2.460	-2.570	0.288	1.306	-0.286	-2.064	0.013	-0.393	-0.766	-1.623	1.138	1.456	-1.140	
-3.596	0.133	1.150	-0.139	-1.473	-0.116	-0.265	1.384	-2.344	0.469	-1.052	2.691	-2.113	-1.002	0.204	-0.068	-0.418	-0.711	-0.910	0.959	-0.147	1.627	2.885	-0.422	-1.039	0.204	3.274	-0.546	-0.184	-0.039	0.948	0.458	
0.834	0.362	-3.124	0.840	-2.658	-1.464	0.127	1.149	0.948	-1.088	4.883	1.173	-1.437	-0.495	1.076	0.190	0.260	0.032	-1.588	-0.619	1.487	-0.273	2.953	-0.189	0.442	-0.470	-3.315	1.522	-1.475	-1.148	-1.834	-0.157	
2.612	0.563	2.205	-1.366	1.492	-0.874	-1.013	0.416	-0.815	-1.529	-2.488	0.697	-1.030	-0.433	0.028	-1.903	1.905	-0.771	-2.743	-0.097	1.658	2.498	-4.322	-0.473	0.266	-2.267	-1.873	-0.547	1.207	-0.456	-2.031	-0.959	
0.680	0.092	2.177	0.091	0.348	0.939	0.101	0.812	2.365	0.893	-2.123	-1.703	-1.373	-1.137	1.945	-0.347	-0.948	2.689	-1.190	-2.622	-1.367	-1.651	-1.598	0.859	-0.316	0.524	-1.707	-0.460	3.757	-0.359	1.479	0.216	
1.533	0.137	0.702	-0.517	-0.401	-0.463	-0.641	-1.619	-3.032	-0.571	1.820	-2.039	1.328	-1.160	1.462	-0.094	0.913	-1.042	2.542	0.781	0.914	-0.768	0.981	-0.698	-0.056	-0.769	2.719	0.656	0.538	-0.700	-0.356	-1.061	
2.454	0.362	-2.151	0.840	-0.008	-1.464	0.476	1.149	1.625	-1.088	0.876	1.173	-3.503	-0.495	-0.550	0.190	-0.818	0.032	-1.172	-0.619	2.130	-0.273	1.578	-0.189	-2.351	-0.470	-1.171	1.522	0.792	-1.148	-3.708	-0.157	
0.636	-0.433	-1.623	1.819	0.416	1.082	0.328	1.203	1.065	-0.192	-0.175	-0.160	-0.549	-0.010	0.184	-0.410	-3.000	0.705	1.556	0.130	1.087	-0.141	-0.242	0.252	0.863	0.459	1.274	-0.452	0.713	1.706	-0.184	0.939	
0.215	-0.609	-1.372	-0.401	2.443	0.537	-5.060	-0.511	4.427	1.694	2.871	-0.550	-3.600	-0.303	0.248	-0.970	-2.458	-0.125	-0.763	0.328	-0.684	0.478	1.478	-1.056	1.259	-0.004	0.794	-1.608	-0.082	-1.298	-0.956	2.346	
0.683	-1.354	0.738	0.332	-0.983	-0.430	-1.464	-0.007	0.755	-2.176	-2.902	-0.583	-0.286	1.140	-2.005	-0.637	-0.643	-0.937	0.197	1.218	0.260	0.616	-1.659	0.135	-0.405	-0.022	-2.348	0.164	0.217	0.926	0.153	1.903	
1.859	1.000	-2.458	0.394	3.020	0.702	-4.704	1.019	-0.639	0.306	-3.860	-1.550	-2.151	-1.023	-0.989	-0.031	-1.607	0.016	-1.582	-0.692	-0.818	-0.547	-0.798	-0.680	0.460	0.098	-1.658	0.644	-0.844	0.174	-2.174	0.347	
0.494	0.214	0.261	-0.704	3.289	-1.034	-0.511	-0.760	6.812	-0.525	-1.277	0.149	-0.893	0.712	2.471	-0.576	1.932	-0.182	-1.684	1.124	-0.984	-0.144	2.394	-0.268	5.739	0.130	3.510	0.933	-1.305	-0.959	-2.796	-1.244	
2.578	0.072	-0.326	0.917	-1.287	1.655	2.132	-0.510	1.623	0.576	-0.907	-0.393	0.911	-0.631	-2.122	0.616	-1.056	1.598	-0.621	1.129	-1.883	0.262	-0.271	1.624	1.965	1.771	-2.105	-0.482	-6.594	-0.469	0.400	0.180	
0.225	0.875	1.114	0.418	0.840	-0.411	3.388	-0.835	-0.986	0.576	-1.111	-0.625	0.109	0.039	-1.382	-0.147	1.549	-0.348	-2.482	0.447	-0.487	0.779	-1.805	-0.365	1.129	2.169	1.014	0.544	1.404	1.836	-0.943	-0.386	
-3.991	-0.613	1.501	0.903	0.803	0.652	0.099	0.828	-0.899	-0.814	-0.136	-1.159	0.214	1.122	0.283	-0.466	-1.667	-0.644	2.245	-0.010	2.209	-0.675	-0.362	0.383	0.644	0.425	-2.720	1.795	-0.083	2.540	-0.475	-2.140	
-3.290	-0.985	0.890	-0.770	0.877	0.816	1.615	1.350	-1.577	-0.861	1.117	-0.419	-0.729	-1.583	1.799	-0.477	0.334	1.367	-1.652	-1.504	-3.376	1.008	0.236	0.451	-1.154	0.432	2.527	0.070	-2.602	-0.077	0.172	-0.805	
0.255	-1.525	-2.129	-1.020	-0.730	-0.945	-1.492	0.247	-0.729	-0.586	-0.079	-1.683	-1.020	-0.029	1.439	0.454	0.056	-0.484	-1.596	0.101	0.804	0.484	-0.465	-0.984	0.250	-0.544	1.272	-0.664	-0.634	-1.628	2.845	-1.185	
0.218	0.844	-2.285	0.282	-0.261	0.253	0.289	-1.730	-4.118	-0.886	-0.707	0.465	2.269	-0.402	-2.914	0.023	-2.281	0.271	-3.124	0.630	-0.733	1.202	-3.210	1.148	-1.590	-0.014	2.913	-0.047	-3.716	0.061	0.762	1.707	
-0.948	-0.515	2.823	-0.034	0.093	-0.003	-0.587	0.737	-0.569	1.432	1.666	-1.475	-1.419	0.802	-0.505	1.177	1.169	-0.544	-4.946	-0.258	-0.264	1.241	-1.515	1.100	-0.818	-0.335	0.578	0.602	2.985	-0.588	-2.094	-0.465	
1.395	0.092	-0.335	0.091	-1.592	0.939	0.911	0.812	1.842	0.893	1.019	-1.703	-1.415	-1.137	0.362	-0.347	0.682	2.689	-6.297	-2.622	-0.330	-1.651	-2.860	0.859	1.094	0.524	1.956	-0.460	-1.807	-0.359	-1.684	0.216	
-0.709	1.315	-3.679	-0.879	-1.293	-0.205	-1.503	-0.206	-2.077	-0.915	0.533	1.813	-0.839	-0.329	-3.236	-1.256	1.695	0.311	0.458	0.211	0.513	-0.006	0.487	1.336	-2.311	1.709	-0.330	0.007	0.655	-0.986	-2.127	0.082	
2.447	1.863	-1.588	0.265	-0.025	1.864	0.669	-0.627	1.589	0.209	0.287	0.663	1.315	0.655	-0.474	0.586	1.293	0.545	-0.719	-0.220	-0.812	-0.187	-0.581	1.245	2.600	1.299	1.408	0.581	-1.204	1.165	2.073	-0.755	
1.620	-1.000	0.461	-0.725	0.508	1.527	-1.020	2.113	0.024	-1.391	0.305	-0.427	-0.416	0.824	2.388	2.131	-2.216	0.106	-0.815	-0.891	-0.300	1.018	2.080	-0.539	0.695	-1.158	-1.009	-0.676	-0.056	0.896	-0.712	0.142	
-4.394	-0.237	1.149	0.071	2.604	0.953	-2.060	-1.786	-0.657	-0.187	-1.335	-0.993	1.139	-1.364	0.284	0.671	-1.628	-0.402	-0.535	1.588	1.234	1.516	3.847	0.721	-3.019	2.002	-4.524	0.315	-0.893	-0.286	2.237	-1.487	
1.059	1.315	-1.960	-0.879	3.100	-0.205	-0.308	-0.206	1.138	-0.915	0.540	1.813	-0.171	-0.329	1.972	-1.256	-0.167	0.311	-0.227	0.211	0.840	-0.006	1.111	1.336	0.030	1.709	-0.279	0.007	2.125	-0.986	-1.536	0.082	
4.287	1.004	3.928	1.532	-2.301	-1.144	-1.676	-0.232	-0.258	-0.738	-2.473	0.610	-0.506	-2.060	-0.620	-0.813	1.920	-0.161	1.525	-0.982	0.862	0.059	0.302	-0.210	-0.239	-0.061	2.172	-0.032	2.493	-0.174	-0.176	-0.884	
0.706	-1.525	-4.500	-1.020	-0.140	-0.945	-1.801	0.247	-0.640	-0.586	-1.386	-1.683	-0.302	-0.029	-0.876	0.454	-1.085	-0.484	2.348	0.101	-2.512	0.484	-1.226	-0.984	1.621	-0.544	-1.101	-0.664	0.015	-1.628	0.650	-1.185	
0.810	-1.354	-0.093	0.332	-2.596	-0.430	2.916	-0.007	-0.427	-2.176	-2.015	-0.583	1.135	1.140	0.523	-0.637	1.032	-0.937	1.202	1.218	0.013	0.616	2.984	0.135	-1.735	-0.022	3.514	0.164	1.596	0.926	-2.723	1.903	
-1.433	-0.069	-0.591	0.172	-0.641	0.154	2.160	-0.787	-1.247	0.378	1.247	-2.025	0.157	1.684	-0.738	-0.558	3.879	-0.215	0.142	-1.271	-4.429	-0.876	2.729	0.408	-1.044	-1.295	-0.375	0.805	-0.426	-1.052	-4.591	0.051	
2.091	0.803	0.094	0.117	0.651	2.814	-2.018	0.131	-0.711	0.098	-1.787	0.445	-4.041	-1.614	-1.276	-1.505	0.332	0.387	0.202	0.265	-1.040	-0.098	0.023	-0.785	-0.629	0.198	-0.138	-0.001	-1.976	0.798	-3.328	0.596	
0.563	-1.359	-1.408	0.836	-0.814	1.806	-0.267	-0.099	0.890	0.324	0.448	-0.287	-0.706	0.995	5.057	0.532	4.864	0.524	-0.655	-0.271	0.699	2.555	0.002	-0.727	1.521	-1.923	-0.113	0.869	-0.517	-0.320	-0.181	-0.422	
2.601	-2.257	1.695	0.088	-0.042	1.332	0.235	-1.342	1.901	-2.605	-0.375	0.653	1.278	0.053	3.500	-0.353	0.610	0.236	-0.937	1.392	-2.326	1.537	-1.763	-0.269	-3.360	-0.227	-0.766	1.846	-0.571	0.299	-2.686	0.621	
3.257	0.454	2.661	-0.702	-1.720	-1.505	-0.903	-1.479	-1.717	-0.850	-1.985	0.646	-1.579	1.030	-0.031	0.018	-0.716	-1.876	3.008	0.040	0.158	-0.634	-0.125	0.244	-2.460	-1.487	-3.839	0.759	-0.934	-0.109	-3.519	-0.283	
-0.357	-1.268	0.805	-0.233	-2.049	-0.744	0.478	-0.047	-1.041	0.703	-0.328	-1.098	1.609	2.383	0.008	-0.883	-0.408	-0.178	-1.061	2.460	-2.406	0.288	0.439	-0.286	-1.828	0.013	2.968	-0.766	0.201	1.138	0.234	-1.140	
-2.035	-0.237	-2.127	0.071	2.125	0.953	2.489	-1.786	0.963	-0.187	1.859	-0.993	0.531	-1.364	2.360	0.671	-1.254	-0.402	2.323	1.588	-0.643	1.516	1.089	0.721	-1.944	2.002	-0.959	0.315	-0.924	-0.286	2.251	-1.487	
-4.652	1.646	1.213	0.307	1.482	-0.194	0.687	0.788	0.439	-0.020	-0.403	-0.207	-0.939	-0.378	0.383	1.116	-3.669	0.443	-1.157	1.575	-0.035	1.183	0.079	-0.120	-1.483	0.159	-2.058	-2.018	2.473	0.212	0.192	1.513	
-1.892	0.006	0.157	-0.183	-0.709	1.692	1.609	-0.144	1.302	-0.355	-2.601	0.845	-0.701	-0.703	-1.899	-0.303	-0.431	2.095	0.269	-0.701	0.338	-1.725	1.155	0.166	-0.566	-1.297	-1.667	0.336	1.214	-0.043	1.540	-2.130	
0.411	-0.297	0.879	0.592	-0.599	0.203	2.943	0.383	-3.477	-0.629	1.730	1.961	-0.268	0.426	-0.297	0.429	-1.252	-1.212	-1.239	1.268	-1.404	-1.499	0.978	-1.398	2.402	0.191	0.966	0.354	-1.747	-0.357	-1.889	0.991	
3.119	-0.639	-0.020	0.504	-0.093	1.507	0.991	-0.297	-2.368	0.443	0.379	-0.025	-1.409	1.143	-2.586	-0.396	-2.730	-1.732	-1.377	-0.994	-3.028	1.215	-0.726	1.548	-0.588	-0.294	2.270	0.273	-1.849	0.177	-0.103	0.007	
-0.144	0.959	3.814	0.131	-1.273	-0.583	-0.397	1.363	-4.839	-0.036	0.545	0.062	2.490	1.419	-2.530	1.005	2.097	0.921	-0.158	-1.020	1.037	0.906	0.675	1.431	-1.472	2.716	-5.042	1.309	0.572	-0.019	0.259	1.144	
-2.503	0.051	-0.213	-0.904	1.077	0.127	0.582	-1.020	0.626	-0.855	-1.243	-2.499	4.686	-0.539	-2.575	0.179	-1.083	-1.495	1.054	0.776	1.443	-1.211	-3.896	-1.616	2.479	0.495	4.539	-0.825	-0.294	-0.433	1.985	-0.694	
1.091	-1.331	1.162	0.655	-0.305	-0.354	-0.468	-0.032	-1.652	0.601	0.346	0.111	-2.388	0.832	0.525	1.230	-2.890	0.034	0.566	-0.521	-5.155	-1.554	1.724	-1.814	-3.674	-1.203	1.907	-0.415	0.269	1.433	0.230	0.014	
0.981	-1.018	-1.694	-1.375	3.152	0.011	0.045	-0.698	-0.575	0.011	-0.921	1.104	-2.606	0.704	-1.345	-0.910	0.511	0.724	1.604	0.375	1.973	0.266	0.412	0.637	-2.224	-0.917	-1.001	-1.289	-1.543	0.357	2.247	-1.682	
-2.109	0.070	-0.562	0.757	3.445	-1.366	2.100	2.002	1.511	-0.563	-1.164	0.798	1.290	0.126	2.114	-0.487	-0.714	0.425	1.802	-1.578	-1.073	1.094	-1.875	-1.395	0.733	0.198	-1.133	0.219	1.307	-1.335	3.592	-1.046	
1.247	0.217	2.911	0.865	-0.794	-0.361	2.301	0.208	0.705	-0.199	0.947	0.482	-1.191	-0.585	0.334	-0.098	2.154	1.935	1.594	-0.195	-1.216	-0.378	-1.975	-0.390	-2.807	-0.405	-0.177	-1.570	0.542	-1.600	-1.093	-0.046	
2.145	-1.525	-0.988	-1.020	-0.351	-0.945	-0.301	0.247	-2.185	-0.586	3.081	-1.683	-0.934	-0.029	-1.105	0.454	0.627	-0.484	-0.571	0.101	-0.663	0.484	1.552	-0.984	0.360	-0.544	3.633	-0.664	0.406	-1.628	0.844	-1.185	
-1.166	1.120	1.029	0.506	-2.231	0.229	0.040	0.905	1.201	-0.778	1.803	-0.060	0.116	-0.282	0.475	0.619	0.409	-0.018	1.948	-1.128	0.073	0.246	-0.338	-0.231	0.277	-1.115	0.661	-0.976	0.928	-1.620	-0.387	-0.411	
-0.008	1.268	-1.744	-0.346	1.734	-2.803	0.898	0.744	1.578	0.664	2.049	2.351	0.135	-0.540	1.124	-0.269	1.033	-0.573	-1.035	1.536	2.630	-1.404	2.337	-1.081	-2.165	0.278	-1.333	0.541	0.355	0.533	0.848	-0.299	
0.777	0.340	2.045	-0.786	-0.727	1.972	0.683	-0.397	-1.261	-0.139	-0.629	0.530	-1.255	0.267	2.658	2.288	0.400	-1.130	1.830	-0.396	0.104	-0.270	-0.226	-0.315	-0.241	-0.065	-0.368	0.853	-2.613	-1.834	-1.203	-0.365	
-0.391	0.347	-3.035	-0.845	1.131	1.707	-1.144	-0.384	-0.721	-0.356	-0.661	-1.318	1.014	-2.443	2.673	0.792	0.411	-0.050	3.488	-0.641	0.303	-0.899	-1.208	0.202	1.380	0.020	-1.037	1.059	0.266	-0.227	1.410	0.764	
-2.016	0.513	-1.629	-1.069	-0.848	1.037	0.253	1.183	-3.331	1.500	1.523	0.871	0.480	1.920	-2.261	-0.904	-0.423	-0.309	-0.052	-0.489	-1.734	-0.333	1.595	-0.552	2.246	0.751	-0.519	0.291	-1.826	0.888	0.085	-0.009	
0.661	-1.506	-0.528	0.919	0.950	0.494	-0.935	-0.098	0.561	-0.769	2.570	1.140	1.807	-0.173	0.482	-1.535	0.521	0.773	-1.055	-0.491	0.814	0.921	1.784	1.806	-0.424	-1.475	-0.980	-0.495	-2.173	0.505	4.174	0.312	
0.979	0.563	-0.577	-1.366	2.075	-0.874	0.718	0.416	-3.560	-1.529	-1.696	0.697	0.938	-0.433	2.938	-1.903	0.215	-0.771	-2.027	-0.097	2.037	2.498	-1.976	-0.473	1.314	-2.267	-0.838	-0.547	0.793	-0.456	4.434	-0.959	
-1.593	-1.098	0.321	1.488	5.191	0.200	-0.725	1.125	0.397	0.057	-1.042	0.740	-1.415	0.803	2.149	1.024	1.492	1.006	-5.852	-1.508	-1.418	1.251	1.142	-0.710	0.403	-0.431	-3.078	-2.128	0.201	-0.797	-0.727	0.593	
5.031	0.122	-3.524	0.633	-0.823	-0.562	-0.430	0.819	1.140	1.681	-0.468	0.774	3.803	2.695	-1.718	-0.900	0.210	-1.405	0.061	0.740	-0.462	0.070	1.563	-0.219	-1.867	0.887	-5.808	1.168	0.321	-1.389	0.944	0.122	
3.204	-0.178	-0.590	1.409	-0.638	0.809	2.844	0.757	1.222	-1.109	0.012	-2.154	-0.036	-0.747	2.970	1.215	-1.413	1.932	-1.191	0.077	-0.135	-0.169	0.860	-0.095	-1.032	0.867	-1.247	1.579	-0.456	-0.211	1.220	1.072	
0.799	1.090	0.571	0.587	1.270	-0.745	-0.833	-0.194	-1.613	-0.047	-0.691	-0.303	1.684	0.414	5.417	-0.156	2.440	-0.884	2.299	0.694	0.757	1.002	-2.103	-1.101	0.334	0.878	1.496	-0.756	-3.897	1.216	-0.704	0.577	
2.071	-2.257	-1.281	0.088	-2.579	1.332	0.602	-1.342	-0.060	-2.605	-1.561	0.653	-1.882	0.053	1.678	-0.353	-1.584	0.236	0.516	1.392	0.218	1.537	0.161	-0.269	0.741	-0.227	0.185	1.846	-0.872	0.299	-0.113	0.621	
0.032	0.714	1.510	-0.007	-1.988	-2.058	-3.916	2.193	-0.307	1.199	-0.192	-0.395	-1.069	-1.418	0.297	1.292	-3.114	0.195	3.873	1.222	-1.602	0.901	0.006	-0.327	0.564	-1.079	-1.579	1.227	-1.292	-1.598	0.225	0.748	
0.441	1.646	0.505	0.307	-0.869	-0.194	1.301	0.788	-1.124	-0.020	-2.115	-0.207	-3.665	-0.378	0.049	1.116	-1.331	0.443	-0.246	1.575	1.429	1.183	0.856	-0.120	0.019	0.159	-0.730	-2.018	0.141	0.212	-1.814	1.513	
-1.905	0.594	-0.674	0.629	-1.662	0.854	-1.101	-0.568	3.036	-1.368	-0.677	0.061	-1.375	-0.338	2.214	1.518	1.775	-2.386	0.376	0.378	-0.865	1.077	1.038	2.265	-2.226	-0.308	0.275	0.319	1.591	-0.146	1.435	0.281	
2.840	0.936	-0.896	0.361	2.345	-0.105	-0.132	-1.154	-1.717	-0.593	1.902	1.973	2.068	1.124	0.141	1.911	-2.529	-1.515	0.078	-0.816	3.301	0.325	-0.720	1.090	-0.441	-0.725	2.562	0.994	-0.585	1.539	0.835	0.870	
-3.066	1.039	0.178	0.957	2.073	-1.326	-2.804	0.772	2.193	-0.058	-1.010	-1.827	0.817	0.299	1.481	-1.568	4.344	0.201	0.112	-0.597	-1.768	-2.895	0.758	1.109	0.501	1.016	-0.504	0.885	-1.731	-0.429	-0.914	1.190	
2.610	0.001	0.665	0.908	0.296	-1.107	-2.040	0.927	2.006	-0.424	2.571	-0.639	0.930	-0.094	-1.348	-0.469	-2.941	-0.977	-1.957	-0.618	-2.424	-0.221	1.875	0.726	-3.447	-0.400	1.868	0.545	-0.089	0.258	0.341	1.419	
-0.371	-0.046	0.368	-1.178	-2.324	-0.001	1.462	-0.408	0.050	-0.359	-1.171	0.073	-0.490	-0.494	2.992	0.848	-1.167	1.089	0.960	0.097	-0.802	-1.670	-2.158	-0.345	1.322	1.021	-1.714	-0.252	0.747	1.050	1.363	1.555	
1.280	-0.734	-2.704	0.013	-0.660	-0.455	-3.513	-0.842	0.484	0.203	-0.462	-0.165	1.912	2.427	-0.449	1.048	1.088	-1.518	0.181	-1.584	-1.003	-0.667	-2.471	0.293	0.840	0.901	-1.403	-0.976	-3.459	-0.069	-0.587	0.594	
2.034	-1.896	-2.620	-0.915	4.356	0.014	1.910	0.417	0.168	-0.105	-3.355	1.033	1.030	-0.618	1.544	0.699	2.243	-1.351	-1.648	0.332	0.849	-0.758	1.045	1.905	-2.281	1.306	-0.982	-0.003	-0.075	0.091	-2.653	-0.342	
1.738	0.347	-1.180	-0.845	0.297	1.707	-2.603	-0.384	-0.624	-0.356	1.647	-1.318	3.837	-2.443	-1.962	0.792	-1.142	-0.050	1.290	-0.641	-4.013	-0.899	-0.385	0.202	-0.088	0.020	-0.925	1.059	1.930	-0.227	1.479	0.764	
-1.235	0.619	-6.822	0.279	-1.336	-3.485	1.007	-1.098	-1.024	0.131	-1.105	-0.806	-0.226	-1.200	-2.947	-0.298	-2.258	-0.842	-0.333	-0.423	-1.308	-1.918	0.350	-0.512	-1.091	0.556	-0.662	0.353	0.300	-0.677	-2.809	-0.090	
2.358	1.004	3.087	1.532	-0.120	-1.144	-2.111	-0.232	-0.317	-0.738	0.484	0.610	-0.161	-2.060	-0.417	-0.813	-2.365	-0.161	2.241	-0.982	1.812	0.059	1.381	-0.210	-0.445	-0.061	1.309	-0.032	0.332	-0.174	-2.744	-0.884	
-0.507	-0.570	-1.769	0.046	1.170	0.039	0.375	1.499	1.765	-2.296	0.061	-0.876	-1.572	-0.705	-2.666	-0.441	-1.846	1.650	-1.216	-0.047	1.125	-0.140	2.194	-0.709	-2.044	-1.213	1.413	-0.641	-0.130	-1.718	0.080	-0.150	
0.463	0.979	-0.306	1.689	-2.626	0.032	1.017	1.373	0.860	1.003	0.004	-0.272	-2.499	1.474	0.258	0.544	1.106	0.681	0.609	-0.226	0.407	0.436	2.472	-1.252	-1.629	-1.025	-1.055	1.427	0.477	1.502	0.705	0.415	
1.656	0.222	3.337	0.728	-4.577	1.898	-1.112	0.060	-1.428	1.158	0.816	2.485	2.017	-0.260	2.058	-0.259	-0.517	-0.847	-0.237	0.112	0.243	1.960	0.213	-0.240	-1.854	-1.476	-1.756	-0.459	-1.191	-0.199	1.670	-0.612	
-2.054	-1.007	-0.167	-1.175	-0.413	-0.324	-0.521	-1.183	-0.973	0.809	0.002	-0.721	0.724	-0.387	-0.629	1.295	-1.235	0.155	-3.990	0.653	2.708	-0.513	-0.241	-0.159	0.674	-1.161	2.533	-0.326	-2.436	1.239	1.526	0.758	
0.011	-1.018	-0.228	-1.375	-0.490	0.011	2.717	-0.698	0.110	0.011	-0.857	1.104	-3.747	0.704	-3.884	-0.910	0.427	0.724	1.944	0.375	0.303	0.266	-2.871	0.637	1.267	-0.917	-0.370	-1.289	1.609	0.357	0.918	-1.682	
-1.277	0.133	0.525	-0.139	-0.442	-0.116	-0.352	1.384	2.802	0.469	2.988	2.691	-0.129	-1.002	1.198	-0.068	0.351	-0.711	0.355	0.959	-1.758	1.627	0.470	-0.422	0.549	0.204	-0.839	-0.546	0.380	-0.039	1.932	0.458	
-0.857	-1.007	1.404	-1.175	0.220	-0.324	0.372	-1.183	-2.717	0.809	-1.066	-0.721	-0.109	-0.387	-2.890	1.295	-0.726	0.155	0.498	0.653	0.640	-0.513	0.317	-0.159	2.979	-1.161	-0.509	-0.326	-1.899	1.239	-1.284	0.758	
-0.397	1.054	0.972	1.136	0.510	0.362	-0.555	0.663	-1.427	-1.542	1.441	-0.010	-1.497	-2.014	1.954	0.624	-0.488	-0.509	-1.615	-0.791	0.895	0.327	-0.393	-0.258	-0.202	0.464	4.479	0.223	-0.411	0.695	-1.290	-2.526	
0.994	1.039	-0.116	0.957	-3.288	-1.326	-2.622	0.772	2.626	-0.058	-0.282	-1.827	-0.043	0.299	-2.795	-1.568	2.538	0.201	-1.325	-0.597	-3.015	-2.895	-0.490	1.109	-2.476	1.016	-0.449	0.885	-1.945	-0.429	-0.688	1.190	
0.122	-1.290	4.744	-0.261	-0.204	0.062	-1.352	-1.045	1.296	-0.323	0.718	0.477	-0.084	-0.057	-0.923	-0.651	2.566	-2.156	-0.687	-0.135	-2.121	0.154	0.040	-0.389	0.959	-0.005	1.290	-0.080	1.640	-0.438	2.010	0.855	
-1.401	-0.069	-2.481	0.172	-1.129	0.154	1.515	-0.787	0.045	0.378	1.024	-2.025	-3.561	1.684	-1.995	-0.558	1.235	-0.215	1.541	-1.271	-3.349	-0.876	-0.021	0.408	-0.339	-1.295	0.172	0.805	1.558	-1.052	-2.221	0.051	
2.317	-0.324	0.789	2.071	1.335	2.360	2.670	0.554	-0.195	-1.298	3.409	-0.131	-0.755	1.105	0.558	-0.536	-1.430	-0.626	3.818	-1.012	2.874	-0.068	3.171	1.181	-0.576	-0.452	-0.080	-0.164	-2.026	1.792	-1.002	0.863	
0.672	0.936	-1.143	0.361	4.346	-0.105	-1.101	-1.154	-2.477	-0.593	-0.071	1.973	-2.317	1.124	-0.315	1.911	-0.856	-1.515	2.894	-0.816	-0.948	0.325	4.175	1.090	-6.180	-0.725	0.932	0.994	-1.356	1.539	-1.572	0.870	
-0.834	0.483	2.795	-0.146	-0.425	1.346	1.331	-1.127	-1.237	0.194	-3.482	-0.540	-2.256	-0.463	0.783	0.364	-1.587	0.100	3.193	1.392	0.452	-1.003	-3.742	-0.522	-0.706	-0.768	1.208	1.288	1.292	0.092	1.584	1.493	
0.589	-1.969	-1.445	0.361	-2.759	-0.489	-0.315	-0.385	2.706	2.094	-0.958	-0.996	1.832	-0.529	3.907	0.950	0.542	-0.063	-0.245	0.239	-0.463	0.162	1.360	-0.441	1.535	0.029	1.848	1.417	-3.027	-1.036	-1.745	1.274	
-0.402	1.746	0.558	-0.391	-3.333	0.464	2.676	-0.637	1.872	-0.516	3.990	-0.118	0.882	-0.581	0.635	-0.558	-0.571	0.466	-1.200	-2.139	-1.922	1.007	-0.001	-1.061	0.734	-0.080	1.571	2.207	1.040	-1.743	-1.394	1.656	
3.636	0.486	0.574	-0.190	-3.494	0.038	-0.016	0.139	2.040	0.044	-0.187	-0.369	2.364	-0.340	-1.877	1.695	2.852	0.008	-3.734	0.091	2.881	0.403	4.835	-0.753	0.883	-0.880	1.244	-2.052	-1.580	1.278	1.382	-1.158	
0.210	2.371	-0.346	0.710	1.227	0.040	0.602	-0.375	1.030	1.317	2.148	0.816	0.899	-0.405	-1.535	1.358	-0.821	0.701	0.513	0.938	-4.253	-1.661	1.121	0.857	-0.278	-1.390	-1.517	0.356	0.309	-0.113	0.296	0.234	
-0.915	-1.000	-2.440	-0.725	-1.096	1.527	-2.856	2.113	2.475	-1.391	-0.015	-0.427	0.583	0.824	0.685	2.131	-4.200	0.106	-0.279	-0.891	0.876	1.018	2.109	-0.539	0.587	-1.158	-2.223	-0.676	-0.693	0.896	-2.342	0.142	
-0.185	-2.307	-0.198	-0.821	-1.080	-0.077	0.797	1.145	1.217	-0.458	-0.849	-0.829	1.985	0.546	-0.871	0.883	-0.962	-0.444	-0.470	-0.429	3.785	-1.578	-1.120	-0.020	-1.336	0.110	-2.304	2.669	-1.522	0.712	-0.072	-1.612	
2.611	-1.185	1.637	1.008	-0.394	0.085	1.254	0.085	0.889	0.247	-1.564	-2.453	0.790	-0.469	1.111	-0.976	1.856	-0.137	2.038	0.815	-1.785	1.017	-1.604	-0.300	0.221	-1.679	-1.041	-0.125	-0.930	-0.352	3.251	-0.436	
-0.466	1.197	-0.116	1.933	-0.480	0.336	1.989	1.018	-1.716	-0.181	1.218	-0.173	-4.576	0.123	2.723	-0.581	2.114	0.591	-0.478	0.821	-0.568	0.004	-3.376	-0.732	-0.082	0.662	2.342	-1.778	0.107	0.526	2.030	0.026	
-1.378	-0.334	0.761	-0.256	-0.057	-2.026	0.367	1.448	0.118	0.971	0.786	1.740	3.010	0.440	-0.048	-0.231	0.375	-0.694	-2.298	0.441	-0.972	1.138	1.937	0.498	-2.518	-0.046	3.067	0.513	3.034	-1.530	-0.961	1.616	
-1.317	-0.237	-1.106	0.265	-3.094	0.029	-1.309	1.745	0.187	0.024	4.343	-0.932	0.168	0.640	-0.293	-1.115	3.399	1.317	1.565	-0.053	-1.177	-0.074	-0.452	-0.787	-1.777	-0.531	1.415	0.576	-1.343	1.808	0.049	1.044	
0.194	0.471	-1.018	-1.732	-0.457	0.898	-0.817	0.424	0.016	-0.795	-0.077	0.318	-0.727	0.314	-2.149	-0.526	-0.490	-0.194	-1.009	-0.689	1.434	0.221	-0.248	2.187	-1.447	1.251	-3.290	0.290	-0.373	1.186	1.050	-1.271	
-1.024	-0.604	-0.018	1.238	-3.322	-0.141	-2.355	-1.051	-3.152	1.043	0.455	1.441	2.181	0.786	3.601	-0.742	-1.500	1.227	0.085	2.490	-0.561	0.214	0.203	0.676	2.275	-0.132	-2.123	0.792	0.250	-2.331	-0.456	-0.164	
0.834	-1.098	-4.235	1.488	2.704	0.200	-0.509	1.125	-1.391	0.057	-1.714	0.740	-0.889	0.803	0.617	1.024	-2.487	1.006	-2.539	-1.508	-0.595	1.251	2.252	-0.710	2.216	-0.431	0.978	-2.128	0.186	-0.797	2.155	0.593	
1.734	-0.570	-0.162	0.046	-2.109	0.039	0.708	1.499	-0.065	-2.296	-0.675	-0.876	2.901	-0.705	3.053	-0.441	0.088	1.650	1.213	-0.047	2.248	-0.140	-0.809	-0.709	-0.972	-1.213	2.429	-0.641	-0.499	-1.718	-2.103	-0.150	
1.726	1.054	-2.182	1.136	-0.177	0.362	-0.786	0.663	-0.352	-1.542	-2.123	-0.010	1.158	-2.014	-0.035	0.624	-1.617	-0.509	-0.335	-0.791	2.770	0.327	-1.388	-0.258	1.129	0.464	1.337	0.223	-1.934	0.695	-0.046	-2.526	
2.418	-0.298	-0.656	1.070	1.538	-1.711	-2.834	-0.583	-0.503	0.244	1.836	0.421	-0.471	-0.985	-0.151	-0.383	1.449	2.668	1.491	1.633	0.590	1.754	-3.113	-0.679	-0.546	0.970	1.921	0.214	1.933	1.355	0.943	0.195	
-4.248	-0.069	-0.578	0.172	-0.976	0.154	-0.818	-0.787	3.766	0.378	-1.825	-2.025	-2.012	1.684	-1.010	-0.558	0.147	-0.215	0.633	-1.271	-2.128	-0.876	-0.270	0.408	-0.893	-1.295	2.377	0.805	-0.474	-1.052	-1.710	0.051	
1.270	2.180	-0.467	-0.104	1.435	0.559	3.526	-0.232	0.043	-1.665	0.372	-0.002	-3.075	0.470	-1.644	-1.171	-0.318	0.374	0.933	1.425	-2.387	-0.571	0.081	-0.879	1.381	-1.378	-0.243	1.013	-3.043	0.396	2.422	-0.349	
0.060	1.739	1.021	-0.474	-2.142	-0.243	-1.824	-2.005	-2.099	1.096	1.566	-0.193	1.249	-0.498	0.494	-2.000	2.616	0.619	1.942	-0.905	0.105	0.177	3.619	1.950	-0.922	-0.156	0.440	-0.245	-1.488	-0.709	0.231	-0.301	
-2.438	-0.688	-1.918	-0.006	-1.853	1.118	1.049	-0.824	2.544	-0.634	-0.226	1.645	-1.105	0.088	2.281	-0.778	0.949	-0.744	2.404	-0.496	-1.296	0.118	-2.649	0.241	1.509	2.527	1.453	0.005	1.347	0.387	-1.399	1.171	
0.309	0.418	0.802	-1.289	-2.294	-1.000	1.221	-0.843	-0.207	2.081	-1.189	0.173	-0.919	0.862	2.111	-0.913	-0.798	0.706	0.738	-1.142	0.500	-0.711	-0.326	-1.976	0.956	-0.638	-2.122	-0.539	1.270	-1.032	-0.727	-1.184	
0.465	0.148	0.328	-1.275	0.721	0.076	-0.335	0.971	1.060	1.740	1.052	0.673	-0.725	-0.336	-1.948	-2.565	3.202	0.309	0.673	0.733	0.438	1.285	1.291	0.401	-0.552	-1.253	0.979	-1.508	-0.882	0.290	-3.503	1.290	
-0.605	2.339	0.589	-0.935	0.506	1.069	-1.128	-0.329	2.255	0.410	2.169	0.266	-1.399	0.869	-2.072	0.776	0.601	-1.567	1.041	-2.427	-0.459	-0.893	-0.533	-1.724	1.574	0.844	-2.214	-0.967	2.450	-0.590	0.462	0.142	
0.389	-1.428	-1.894	-0.699	-0.942	-0.062	-4.191	-2.212	2.181	1.239	0.470	0.012	1.228	-0.228	-0.603	-0.469	-0.755	-1.611	0.413	-0.103	1.288	-1.268	-1.375	-0.154	0.726	0.535	0.942	-0.380	0.100	-1.368	0.585	0.116	
1.408	-0.360	-1.289	-1.260	-0.863	0.647	-2.306	-2.916	-0.871	-1.698	1.602	-1.808	-0.435	0.405	-2.006	0.348	-2.248	0.688	1.291	1.279	1.639	0.840	-0.761	-1.068	0.594	0.988	-1.550	0.482	0.732	0.010	-3.098	-1.331	
-0.627	1.799	1.628	-1.082	3.901	-0.843	-0.551	-0.743	0.911	-0.720	-0.020	0.977	-0.642	-0.666	-1.592	-0.144	-0.529	0.870	1.390	1.512	-0.949	-0.534	-1.346	-1.215	-0.292	0.414	0.368	0.223	-2.003	0.872	-0.792	-0.698	
0.073	-1.067	3.484	-1.491	-0.198	1.246	-1.160	-0.726	-1.266	-1.074	-1.230	1.890	1.871	0.744	0.212	-0.255	-0.300	0.941	-1.288	0.526	-1.563	-0.452	0.549	0.039	3.233	0.258	2.471	-0.765	0.918	1.720	1.501	-0.489	
0.065	-0.083	0.278	-0.362	2.384	-1.554	3.167	0.246	-1.259	0.151	2.905	-1.533	-0.572	2.222	0.842	-0.126	0.403	0.609	2.297	0.709	2.069	0.447	0.236	-1.386	1.817	-0.440	1.154	0.541	1.056	1.749	-0.552	-0.197	
1.273	-0.495	4.441	1.758	1.357	-0.244	-2.614	0.860	-1.682	0.750	-0.438	0.906	-1.017	-0.383	-1.061	-0.520	0.578	-0.731	1.235	-0.050	1.449	-1.125	2.367	0.616	0.812	-0.396	0.794	-0.821	-0.080	-0.145	0.602	2.355	
3.535	-2.015	0.069	-0.198	-2.871	0.597	0.670	-0.735	3.336	-0.843	-1.734	2.045	-1.779	-1.007	1.597	-0.872	2.588	1.971	-2.193	0.291	-0.756	-0.009	1.235	-0.775	-2.363	0.605	-2.077	0.087	0.141	0.104	-0.800	0.984	
